epoch:0 0.8586  1.0000  0.9701  -1.0000  0.8628  0.8852  1.0000  0.9753  -1.0000  0.8852  0.5263  0.001000
epoch:1 0.9704  1.0000  1.0000  -1.0000  0.9724  0.9802  1.0000  1.0000  -1.0000  0.9802  0.0156  0.001000
epoch:2 0.9849  1.0000  1.0000  -1.0000  0.9866  0.9901  1.0000  1.0000  -1.0000  0.9901  0.0085  0.001000
epoch:3 0.9887  1.0000  1.0000  -1.0000  0.9887  0.9926  1.0000  1.0000  -1.0000  0.9926  0.0063  0.001000
epoch:4 0.9603  1.0000  1.0000  -1.0000  0.9617  0.9741  1.0000  1.0000  -1.0000  0.9741  0.0051  0.001000
epoch:5 0.9957  1.0000  1.0000  -1.0000  0.9958  0.9963  1.0000  1.0000  -1.0000  0.9963  0.0047  0.001000
epoch:6 0.9922  1.0000  1.0000  -1.0000  0.9922  0.9938  1.0000  1.0000  -1.0000  0.9938  0.0042  0.001000
epoch:7 0.9970  1.0000  1.0000  -1.0000  0.9970  0.9975  1.0000  1.0000  -1.0000  0.9975  0.0037  0.001000
epoch:8 0.9970  1.0000  1.0000  -1.0000  0.9970  0.9975  1.0000  1.0000  -1.0000  0.9975  0.0035  0.001000
epoch:9 0.9970  1.0000  1.0000  -1.0000  0.9970  0.9975  1.0000  1.0000  -1.0000  0.9975  0.0034  0.001000
epoch:10 0.9959  1.0000  1.0000  -1.0000  0.9959  0.9963  1.0000  1.0000  -1.0000  0.9963  0.0031  0.001000
epoch:11 0.9911  1.0000  1.0000  -1.0000  0.9911  0.9938  1.0000  1.0000  -1.0000  0.9938  0.0032  0.001000
epoch:12 0.9947  1.0000  1.0000  -1.0000  0.9959  0.9963  1.0000  1.0000  -1.0000  0.9963  0.0030  0.001000
epoch:13 0.9980  1.0000  1.0000  -1.0000  0.9980  0.9988  1.0000  1.0000  -1.0000  0.9988  0.0030  0.001000
epoch:14 0.9939  1.0000  1.0000  -1.0000  0.9939  0.9951  1.0000  1.0000  -1.0000  0.9951  0.0029  0.001000
epoch:15 0.9947  1.0000  1.0000  -1.0000  0.9950  0.9951  1.0000  1.0000  -1.0000  0.9951  0.0027  0.001000
epoch:16 0.9956  1.0000  1.0000  -1.0000  0.9960  0.9963  1.0000  1.0000  -1.0000  0.9963  0.0028  0.001000
epoch:17 0.9949  1.0000  1.0000  -1.0000  0.9950  0.9963  1.0000  1.0000  -1.0000  0.9963  0.0025  0.001000
epoch:18 0.9969  1.0000  1.0000  -1.0000  0.9970  0.9975  1.0000  1.0000  -1.0000  0.9975  0.0026  0.001000
epoch:19 0.9969  1.0000  1.0000  -1.0000  0.9970  0.9975  1.0000  1.0000  -1.0000  0.9975  0.0025  0.001000
epoch:20 0.9964  1.0000  1.0000  -1.0000  0.9970  0.9975  1.0000  1.0000  -1.0000  0.9975  0.0025  0.001000
epoch:21 0.9966  1.0000  1.0000  -1.0000  0.9966  0.9975  1.0000  1.0000  -1.0000  0.9975  0.0024  0.001000
epoch:22 0.9962  1.0000  1.0000  -1.0000  0.9970  0.9975  1.0000  1.0000  -1.0000  0.9975  0.0027  0.001000
epoch:23 0.9950  1.0000  1.0000  -1.0000  0.9953  0.9963  1.0000  1.0000  -1.0000  0.9963  0.0025  0.001000
epoch:24 0.9969  1.0000  1.0000  -1.0000  0.9970  0.9975  1.0000  1.0000  -1.0000  0.9975  0.0025  0.001000
epoch:25 0.9940  1.0000  1.0000  -1.0000  0.9950  0.9963  1.0000  1.0000  -1.0000  0.9963  0.0023  0.001000
epoch:26 0.9963  1.0000  1.0000  -1.0000  0.9963  0.9975  1.0000  1.0000  -1.0000  0.9975  0.0022  0.001000
epoch:27 0.9902  1.0000  1.0000  -1.0000  0.9929  0.9938  1.0000  1.0000  -1.0000  0.9938  0.0022  0.001000
epoch:28 0.9937  1.0000  1.0000  -1.0000  0.9938  0.9951  1.0000  1.0000  -1.0000  0.9951  0.0025  0.001000
epoch:29 0.9967  1.0000  1.0000  -1.0000  0.9970  0.9975  1.0000  1.0000  -1.0000  0.9975  0.0021  0.001000
epoch:30 0.9970  1.0000  1.0000  -1.0000  0.9970  0.9975  1.0000  1.0000  -1.0000  0.9975  0.0021  0.001000
epoch:31 0.9940  1.0000  1.0000  -1.0000  0.9949  0.9951  1.0000  1.0000  -1.0000  0.9951  0.0022  0.001000
epoch:32 0.9946  1.0000  1.0000  -1.0000  0.9950  0.9963  1.0000  1.0000  -1.0000  0.9963  0.0022  0.001000
epoch:33 0.9954  1.0000  1.0000  -1.0000  0.9954  0.9963  1.0000  1.0000  -1.0000  0.9963  0.0022  0.001000
epoch:34 0.9943  1.0000  1.0000  -1.0000  0.9951  0.9963  1.0000  1.0000  -1.0000  0.9963  0.0021  0.001000
