epoch:0 0.8804  1.0000  1.0000  -1.0000  0.8816  0.9012  1.0000  1.0000  -1.0000  0.9012  0.3366  0.001000
epoch:1 0.9521  1.0000  1.0000  -1.0000  0.9521  0.9654  1.0000  1.0000  -1.0000  0.9654  0.0146  0.001000
epoch:2 0.9874  1.0000  1.0000  -1.0000  0.9874  0.9901  1.0000  1.0000  -1.0000  0.9901  0.0076  0.001000
epoch:3 0.9781  1.0000  1.0000  -1.0000  0.9790  0.9840  1.0000  1.0000  -1.0000  0.9840  0.0055  0.001000
epoch:4 0.9919  1.0000  1.0000  -1.0000  0.9919  0.9938  1.0000  1.0000  -1.0000  0.9938  0.0048  0.001000
epoch:5 0.9948  1.0000  1.0000  -1.0000  0.9948  0.9963  1.0000  1.0000  -1.0000  0.9963  0.0042  0.001000
epoch:6 0.9886  1.0000  1.0000  -1.0000  0.9888  0.9914  1.0000  1.0000  -1.0000  0.9914  0.0038  0.001000
epoch:7 0.9923  1.0000  1.0000  -1.0000  0.9923  0.9938  1.0000  1.0000  -1.0000  0.9938  0.0037  0.001000
epoch:8 0.9966  1.0000  1.0000  -1.0000  0.9966  0.9975  1.0000  1.0000  -1.0000  0.9975  0.0034  0.001000
epoch:9 0.9902  1.0000  1.0000  -1.0000  0.9903  0.9938  1.0000  1.0000  -1.0000  0.9938  0.0033  0.001000
epoch:10 0.9939  1.0000  1.0000  -1.0000  0.9939  0.9951  1.0000  1.0000  -1.0000  0.9951  0.0031  0.001000
epoch:11 0.9980  1.0000  1.0000  -1.0000  0.9980  0.9988  1.0000  1.0000  -1.0000  0.9988  0.0030  0.001000
epoch:12 0.9955  1.0000  1.0000  -1.0000  0.9955  0.9963  1.0000  1.0000  -1.0000  0.9963  0.0028  0.001000
epoch:13 0.9896  1.0000  1.0000  -1.0000  0.9896  0.9926  1.0000  1.0000  -1.0000  0.9926  0.0028  0.001000
epoch:14 0.9959  1.0000  1.0000  -1.0000  0.9959  0.9963  1.0000  1.0000  -1.0000  0.9963  0.0028  0.001000
epoch:15 0.9951  1.0000  1.0000  -1.0000  0.9951  0.9963  1.0000  1.0000  -1.0000  0.9963  0.0026  0.001000
epoch:16 0.9980  1.0000  1.0000  -1.0000  0.9980  0.9988  1.0000  1.0000  -1.0000  0.9988  0.0026  0.001000
epoch:17 0.9937  1.0000  1.0000  -1.0000  0.9937  0.9951  1.0000  1.0000  -1.0000  0.9951  0.0026  0.001000
epoch:18 0.9969  1.0000  1.0000  -1.0000  0.9969  0.9975  1.0000  1.0000  -1.0000  0.9975  0.0025  0.001000
epoch:19 0.9970  1.0000  1.0000  -1.0000  0.9970  0.9975  1.0000  1.0000  -1.0000  0.9975  0.0025  0.001000
epoch:20 0.9970  1.0000  1.0000  -1.0000  0.9970  0.9975  1.0000  1.0000  -1.0000  0.9975  0.0025  0.001000
epoch:21 0.9950  1.0000  1.0000  -1.0000  0.9950  0.9963  1.0000  1.0000  -1.0000  0.9963  0.0023  0.001000
epoch:22 0.9948  1.0000  1.0000  -1.0000  0.9948  0.9963  1.0000  1.0000  -1.0000  0.9963  0.0023  0.001000
